0.000000 0.000000 0.000000
0.04132710585543819500 0.04132710585543819500 0.04132710585543819500
0.000000 2.000000 0.000000
0.03742328601655668700 0.03742328601655668700 0.04564728039688284400
0.000000 4.000000 0.000000
0.03407920452861075400 0.03407920452861075400 0.05027659419662552200
0.000000 6.000000 0.000000
0.03147378613170370700 0.03147378613170370700 0.05513723630658447900
0.000000 8.000000 0.000000
0.02980139984566209900 0.02980139984566209900 0.06017317440670368100
0.000000 10.000000 0.000000
0.02922267679719462200 0.02922267679719462200 0.06534389180303301600
2.000000 0.000000 0.000000
0.04564728039688284400 0.03742328601655668700 0.03742328601655668700
2.000000 2.000000 0.000000
0.04214554383943879700 0.03306168468435055600 0.04214554383943879700
2.000000 4.000000 0.000000
0.03920633508181981000 0.02922267679719462200 0.04712015048684131700
2.000000 6.000000 0.000000
0.03696408720243576200 0.02613755672121320700 0.05227511344242641300
2.000000 8.000000 0.000000
0.03555092069139812600 0.02409763661962396500 0.05756199767268325300
2.000000 10.000000 0.000000
0.03506721215663354700 0.02337814143775569800 0.06294757226340741400
4.000000 0.000000 0.000000
0.05027659419662552200 0.03407920452861075400 0.03407920452861075400
4.000000 2.000000 0.000000
0.04712015048684131700 0.02922267679719462200 0.03920633508181981000
4.000000 4.000000 0.000000
0.04451065520668560900 0.02479626351326291700 0.04451065520668560900
4.000000 6.000000 0.000000
0.04254885966850098500 0.02107277191971939800 0.04993573200068691200
4.000000 8.000000 0.000000
0.04132710585543819500 0.01848204360121788100 0.05544613080365364000
4.000000 10.000000 0.000000
0.04091174751607247500 0.01753360607831677300 0.06101874055470806600
6.000000 0.000000 0.000000
0.05513723630658447900 0.03147378613170370700 0.03147378613170370700
6.000000 2.000000 0.000000
0.05227511344242641300 0.02613755672121320700 0.03696408720243576200
6.000000 4.000000 0.000000
0.04993573200068691200 0.02107277191971939800 0.04254885966850098500
6.000000 6.000000 0.000000
0.04819527323924793100 0.01653084234217527800 0.04819527323924793100
6.000000 8.000000 0.000000
0.04712015048684131700 0.01306877836060660300 0.05388395357856742800
6.000000 10.000000 0.000000
0.04675628287551139600 0.01168907071887784900 0.05960279969132419700
8.000000 0.000000 0.000000
0.06017317440670368100 0.02980139984566209900 0.02980139984566209900
8.000000 2.000000 0.000000
0.05756199767268325300 0.02409763661962396500 0.03555092069139812600
8.000000 4.000000 0.000000
0.05544613080365364000 0.01848204360121788100 0.04132710585543819500
8.000000 6.000000 0.000000
0.05388395357856742800 0.01306877836060660300 0.04712015048684131700
8.000000 8.000000 0.000000
0.05292451863318186500 0.00826542117108763910 0.05292451863318186500
8.000000 10.000000 0.000000
0.05260081823495032400 0.00584453535943892450 0.05873685342560426600
10.000000 0.000000 0.000000
0.06534389180303301600 0.02922267679719462200 0.02922267679719462200
10.000000 2.000000 0.000000
0.06294757226340741400 0.02337814143775569800 0.03506721215663354700
10.000000 4.000000 0.000000
0.06101874055470806600 0.01753360607831677300 0.04091174751607247500
10.000000 6.000000 0.000000
0.05960279969132419700 0.01168907071887784900 0.04675628287551139600
10.000000 8.000000 0.000000
0.05873685342560426600 0.00584453535943892450 0.05260081823495032400
10.000000 10.000000 0.000000
0.05844535359438924500 0.00000000000000000000 0.05844535359438924500
